{
  "n_examples": 1044,
  "n_categories": 5,
  "n_coincident_examples": 522,
  "n_single_annotation": 0,
  "n_annotators": 2,
  "avg_raters_per_example": 2.0,
  "pairwise_f1": 0.38,
  "pairwise_recall": 0.35,
  "pairwise_precision": 0.49,
  "confusion_matrix": [
    [
      20.0,
      1.0,
      0.0,
      0.0,
      0.0,
      64.0
    ],
    [
      0.0,
      304.0,
      1.0,
      3.0,
      0.0,
      374.0
    ],
    [
      88.0,
      1.0,
      89.0,
      46.0,
      3.0,
      439.0
    ],
    [
      3.0,
      5.0,
      0.0,
      187.0,
      2.0,
      312.0
    ],
    [
      0.0,
      0.0,
      0.0,
      0.0,
      344.0,
      253.0
    ],
    [
      89.0,
      176.0,
      50.0,
      158.0,
      202.0,
      57.0
    ]
  ],
  "normalized_confusion_matrix": [
    [
      0.23529411764705882,
      0.011764705882352941,
      0.0,
      0.0,
      0.0,
      0.7529411764705882
    ],
    [
      0.0,
      0.44574780058651026,
      0.001466275659824047,
      0.004398826979472141,
      0.0,
      0.5483870967741935
    ],
    [
      0.13213213213213212,
      0.0015015015015015015,
      0.13363363363363365,
      0.06906906906906907,
      0.0045045045045045045,
      0.6591591591591591
    ],
    [
      0.005893909626719057,
      0.009823182711198428,
      0.0,
      0.36738703339882123,
      0.003929273084479371,
      0.6129666011787819
    ],
    [
      0.0,
      0.0,
      0.0,
      0.0,
      0.576214405360134,
      0.423785594639866
    ],
    [
      0.12158469945355191,
      0.24043715846994534,
      0.06830601092896176,
      0.21584699453551912,
      0.27595628415300544,
      0.0778688524590164
    ]
  ],
  "metrics_per_label": {
    "PER-PTG": {
      "p": 0.1,
      "r": 0.23529411764705882,
      "f1": 0.14035087719298245,
      "support": 85.0
    },
    "PER-PM": {
      "p": 0.6242299794661191,
      "r": 0.44574780058651026,
      "f1": 0.5201026518391788,
      "support": 682.0
    },
    "ORGANIZATION": {
      "p": 0.6357142857142857,
      "r": 0.13363363363363365,
      "f1": 0.2208436724565757,
      "support": 666.0
    },
    "LOCATION": {
      "p": 0.4746192893401015,
      "r": 0.36738703339882123,
      "f1": 0.41417497231450723,
      "support": 509.0
    },
    "MEDICAL": {
      "p": 0.6243194192377496,
      "r": 0.576214405360134,
      "f1": 0.5993031358885017,
      "support": 597.0
    }
  }
}